test/(255,0,0)/(1,1,3)/(1,3,1)/(3,1,1)
test1/(0,255,0)/(0,1,3)/(0,3,1)/(2,1,1)

front/(0,0,255)/(10,10,10)/(10,-10,10)/(10,-10,-10)

back/(255,0,0)/(-10,10,10)/(-10,-10,10)/(-10,-10,-10)

left/(0,255,0)/(-10,10,10)/(-10,-10,10)/(10,-10,10)

right/(255,255,0)/(-10,10,-10)/(-10,-10,-10)/(10,-10,-10)

top/(255,128,0)/(10,10,10)/(-10,10,10)/(-10,10,-10)

bottom/(128,0,255)/(10,-10,10)/(-10,-10,10)/(-10,-10,-10)

test2/(128,0,255)/(-1,1,3)/(-1,3,1)/(-3,1,1)
test3/(255,255,0)/(-10,-11,-12)/(-12,-11,-10)/(-11,-12,-10)
test4/(255,0,0)/(-11,-12,-13)/(-13,-12,-11)/(-12,-13,-11)
